	A_C_0_5	A_C_1	A_C_2	A_C_3	A_C_4	A_C_5	A_C_6	A_C_8	A_C_12	A_C_24	B_C_0_5	B_C_1	B_C_2	B_C_3	B_C_4	B_C_5	B_C_6	B_C_8	B_C_12	B_C_24	C_C_0_5	C_C_1	C_C_4	C_C_5	C_C_6	C_C_8	C_C_12	C_C_24
FBgn0000592	422.210910074749	467.598995776169	469.960193389191	474.558380005861	360.234799938179	342.08372891442	278.465840739175	276.762549514803	197.749922517066	444.083649108376	491.110113258728	554.099784606981	487.717265525945	448.21108307884	311.879149452301	381.815128217652	309.90439316571	400.208056906409	221.9261384884	581.005489241787	613.153458736058	606.354717649343	352.336360938671	406.485814874724	399.75940519018	291.267337202727	197.233622688803	580.243686364404
FBgn0001247	95.1253378476892	96.7360092725023	95.8192386891639	99.5444874180567	97.6337308243664	103.054006980046	90.8312801594083	94.2703341945565	96.0975747063268	112.696518973816	97.1074465081798	102.112424806083	97.8223763779572	95.2660422872896	93.2126520877736	103.176377589113	101.167136611947	101.196774114779	96.099600712887	97.8031909190328	108.799576574706	107.161363943919	105.67199665461	97.1727698863771	95.7365423612307	96.1943568409139	97.9788097922659	121.687603957876
FBgn0001404	117.160576397723	112.717177557066	108.5987625779	104.725921239572	108.005278425842	111.208925469088	109.088538100028	106.550526788922	122.482746952284	121.467123169229	122.60337579225	105.376292265638	113.960080016683	108.565042716081	111.904632188134	118.433975244716	126.266831265037	117.935707590778	123.679327233269	117.713677444896	118.719433768101	116.856915919798	124.560926289177	118.75170209573	110.027792744699	110.982226005194	127.50916734826	129.220441132488
FBgn0002917	169.149967351708	158.613095224299	154.931334293659	140.508293630509	156.930746430711	163.339996995337	146.171815910882	133.249253971696	139.535900382828	149.368368393503	160.080998619654	138.01496686119	152.212414567738	148.76626950246	162.145509918201	140.132280107396	136.562828459468	131.520191597136	131.266137815865	135.360439404511	149.860699743082	145.603377041262	151.400553346458	140.240534379366	131.489393666587	137.532063712682	149.656935515256	127.627784129856
FBgn0003068	35.2662188401206	34.9088644715948	39.6980954841598	40.963806212452	70.8088904310199	79.6161671745021	106.813490381571	149.439557640885	159.699726751844	22.1850326645991	41.4715206751815	40.2155097695189	50.9034972801794	68.8853453582819	96.7235795669418	111.555550072108	101.269584345224	128.162229258485	157.700685380383	31.5892473562789	23.2762363430745	28.6188880691498	58.4014865232042	73.2512396083677	74.0276879725012	123.817901220395	170.346414420228	17.3900926773902
FBgn0003429	414.783854224179	407.419908954607	409.651716824899	394.215676749891	437.342640744965	472.743645149965	419.348170704644	382.396644020563	398.221683855293	424.474263309024	408.306393926311	436.483989368011	434.273574154485	420.309258649807	434.267114395134	442.720456564196	469.056946812959	443.556298005349	366.69584482549	428.924357018399	490.749506581838	476.102631236555	511.494867527898	433.921242255718	429.82542675817	454.665970740717	425.911607590008	501.385642342179
FBgn0004795	73.1392850979906	76.360019709683	85.5956195781748	69.4921712532667	66.8991970943378	60.4068036225357	55.6817929092428	54.8026505330636	55.4921833130754	58.5696352219909	73.8406695112414	64.6945157161826	80.3896718299506	64.9304138582165	58.7956728553649	53.5266540704734	48.6114494403733	55.4572568049817	59.1198635964583	66.5226332763332	66.1087625817002	72.5890667667738	60.3289283226499	51.3119076961444	47.8188204872469	50.3666038862624	57.5568543105264	50.5776210295382
FBgn0005386	53.1698501620228	52.5880318863938	52.5320003256143	49.1321842369588	53.7039820830358	56.0575137617132	52.3829737174797	50.464871059432	55.1588969268107	63.7975281157634	51.2705026040318	54.1452298201204	52.9954218259402	50.5014330008351	50.7353745581198	54.7147456911965	53.9387315708252	51.7940251628178	49.2904108919624	50.0591818854387	55.2323477303701	53.3680602181026	54.2093006094098	49.5099091817934	51.1814676362984	55.7839420949592	56.5998519823229	66.977683678265
FBgn0013953	10.6733186726725	10.7872885920808	10.9849524490415	8.41221020434282	8.90541260022029	9.72549538322825	7.39390508498627	10.5084235135863	10.8318075536033	11.9494694714802	11.1922021083077	10.2578691586019	11.0075077288842	8.86600028586089	10.0877352922577	11.2556048279033	9.57886306148557	9.66686127793259	10.6883369213936	10.5468985472918	8.57359086000613	10.7586607451633	8.52892996254715	8.82979272031984	9.39563173999681	12.0547976355686	11.4384563990041	12.0525394793793
FBgn0014396	65.8106008480911	51.9387969248334	56.4474289213122	56.1423594072444	139.337126415642	144.674294675973	231.42922916007	385.02374989896	578.307427900328	162.026380125311	114.708461441991	112.661710702145	128.205090018769	142.899063430934	193.991105644741	306.4025758707	347.553935145345	402.751967769023	557.463572556434	98.8321566309637	72.5212416960023	75.5657713207716	121.043345005189	145.871779736713	184.40163557078	370.184777594283	671.815634398876	124.700738827721
FBgn0020618	1839.79486152679	1907.45231706451	1913.39382138379	1837.27547506444	1570.82790060471	1555.11275245856	1605.72867968717	1862.12930389882	1591.33139895194	1608.37178115409	1669.07777498995	1685.84582620773	1515.99779522194	1493.52990109613	1545.055339248	1385.56495431489	1223.94306947132	1400.37205165167	1673.44046504551	1340.53652950359	1464.3480620522	1482.48391659242	1224.07010078297	1469.66493834181	1555.02650366284	1336.91122117867	1395.03596528411	891.758787122504
FBgn0023076	53.5633365647019	54.4857956201858	60.09095275342	39.5008131334358	32.6350791020268	42.4055761430201	36.2301349164327	31.2808885985826	15.0534351129564	61.1165574010083	48.6233842630628	53.0961295652634	57.0298477356217	37.8543443577688	36.7411143242524	35.1424995182313	36.8299601134124	26.7619422746976	16.5096632803669	52.631596165266	56.7557543707844	62.2981738800959	40.4280917433732	43.2930143072825	41.4396810427228	30.161396513285	16.8158980527191	62.1997126703682
FBgn0023094	26.8062611825184	31.912395418239	30.9971430492755	29.6256098500769	29.9743155812293	28.9952657388172	28.7224774455236	29.6924059744358	33.8285682058688	29.4428033852578	29.5827084771452	28.2091401861553	29.9842518225714	30.9440794290831	27.6918223709036	31.5156935181292	28.6341414511788	29.967269961591	31.5401370760766	27.9364190789242	26.8190424835729	27.2581088444652	25.5867898876414	29.3725757839211	29.3242611674637	28.0139831692971	27.2973521235197	27.6347512348626
FBgn0025680	209.875810029002	219.641181610978	220.78666803519	197.199275442384	177.456636448292	180.918376849495	161.585264203431	145.529446566062	85.0991239595911	169.073503146953	195.329469159925	203.408882747277	199.579563211036	180.318799931553	160.51367038563	155.827595728528	132.157575928517	126.279735220151	81.9280111340749	176.93065416652	210.61982505263	215.385836657123	159.543994949116	173.667606820577	169.764230333732	129.137629731638	83.7604894875277	149.666713463578
FBgn0027109	26.3635889795043	26.968221480202	23.927619195932	25.4804627928645	24.0554742798634	22.3505173403382	25.4805344467219	21.5667063970696	23.4411425006184	24.5308820400099	26.3783020643932	26.868623193838	25.6011718219297	25.8591675004276	23.3402502840473	22.3236162420082	24.7923514532568	23.7601274568133	25.5279475577927	26.4958670822209	27.0316108520028	25.6847078659235	27.8515340019901	23.9215302780094	29.3737118608321	25.9153746740362	23.7427720473351	22.727645875401
FBgn0028424	38.8075964642331	41.0016848800849	39.5349526260058	35.2947080312644	36.5447724387089	34.3110644576003	32.1350490232096	26.8820136394069	25.7741472044715	35.2643397944405	40.1711818410213	39.6326762945984	36.3596409144138	31.7698343576682	29.7687090487213	28.0764809318254	25.714381052758	27.4742373162295	23.6193159646867	43.7824910426601	47.7215987125135	41.7589124575114	36.5250220994957	29.192375932486	24.5769946040969	25.3785213380392	25.8846344009335	41.366037284584
FBgn0029768	54.1043803683858	52.4881495846153	46.115047904887	45.4137434944594	51.3147250439523	49.4127653632342	49.0272783327551	38.0624874939784	31.2733725778393	45.0594577987067	54.7535530526753	49.59912871574	50.4054200073792	49.93644278654	50.6859248753146	49.8998480703712	51.6336575720719	38.7692015462349	28.5340423169347	43.7310427570636	59.6254273445881	47.9674676701352	53.245579709687	46.3113618188204	51.2309183296668	38.5558304943288	32.4469360800434	47.8657996466778
FBgn0029769	60.5477202122572	70.0674346976359	65.5290480252227	86.3165916619524	81.9949574776381	93.6909524185529	78.4891462867773	89.1994088943956	57.602997092752	97.3383867364327	55.9610105415383	77.1671520794827	55.7846545536212	70.0153257868721	76.745907713647	85.9803146575945	80.7288138230014	89.9526881020254	63.4142846809468	62.818356713382	75.355486608401	65.7851706433504	78.1095789225363	92.8479734519347	91.0387264912323	85.5060949697012	58.878428954236	100.380435949688
FBgn0030228	35.7088910431346	35.5580994331552	36.5440002265143	32.9783023228222	32.7979829910552	32.4988603489242	32.2488014091324	30.975411170862	31.9954930814128	30.4960418803402	35.0627078496775	33.5129248079324	37.0071413690541	29.336030357628	35.4059728885124	28.8893857249517	26.7388583855373	29.2549749200592	33.1624739302167	29.5827642180136	26.4647618695231	31.3404465185192	28.8634409466991	28.3364266381693	26.4561209520963	28.3556171103861	33.4039384082469	24.1911685264685
FBgn0033153	10.8208760736772	12.8848169294298	10.5499048272973	10.119035463195	9.61132945267678	9.54427497236065	9.72582899640502	8.91994088943956	15.4422692302652	11.0781539891848	13.3749137227909	13.2303198806968	10.6588536379241	8.77907871443088	9.8404868782318	26.3881402076399	6.55665492978691	6.41065537378688	11.1177790298424	11.5758642592227	8.99872759686594	20.0714935640991	7.5652090628243	8.33424312887332	8.35716717926032	8.10160488868174	10.7548833074301	10.2446585574724
FBgn0034638	492.54660455365	575.821469753201	538.915241435649	545.513544338144	472.584182071446	477.092935010787	402.285312816215	402.558154250118	371.447677492027	631.579251023861	499.097908954284	505.782889536066	487.816880980506	433.651719864314	434.761611223186	390.131769562714	397.445981251693	402.44669846551	320.697823431635	504.193198846145	536.664274162698	562.852306810204	417.29114957999	449.28327959056	427.303441396381	383.069257658211	310.66118435064	569.052042562123
FBgn0036260	25.0355723704622	23.9717524268462	23.8188572904959	23.1640570844223	27.9651676165454	26.5185867902932	28.2105917088707	23.5828574200251	20.9414946036331	26.5511849714861	25.6352513020159	27.3931733212665	25.8004027310498	24.6857262861225	25.9116337899169	24.3246126558576	28.4804698512619	27.4233590989772	21.2335264733042	26.598763653414	27.2796072818377	27.1730601429224	29.1043711716298	25.8136287180779	26.2583181786227	25.0856922456772	21.0996227599159	30.8200652401271
FBgn0038842	41.1685148803081	41.5010963889775	37.9035240444649	35.5994982560595	34.8071309557391	32.8008943670369	42.9984018788432	35.6797635577582	32.6065181228982	31.5014058983734	46.5799946665253	46.451827951169	44.826954552017	41.0269817149641	38.6202022708494	38.8943677941991	37.5983181129968	39.4814965877668	40.3675581941919	41.6731113332018	36.4554751857285	38.4420130973424	41.4399986880822	36.40036998989	38.1264845870397	36.2131977554328	33.5406530265617	36.2437080058478
FBgn0040092	2.80359061908908	2.44711639357388	2.93657144677347	2.62119593323725	3.20377648422559	3.98684903908736	3.58320015657027	3.42134719046997	4.49936621457368	2.05860251311558	2.83288103156335	2.44790059466637	3.18769454592121	2.9553334286203	3.75817589319406	2.87643234490861	2.81731266514281	3.15444946964116	4.24670529466084	2.57241427982727	2.23196786851399	2.63650974782658	2.69841851922396	2.20744818007996	2.42308397505181	3.80677820070588	3.9647239311289	1.37743308335764
FBgn0050446	13.722838293436	13.4341695892117	14.5197143757133	13.6546020708173	12.8694072332452	11.054445062924	13.934667275551	10.6917099702187	11.5539280571769	9.08657574393809	12.9569476689537	12.8806197957445	12.9500090928049	12.6470886430663	13.7964615026466	11.0680114141049	11.7302654603219	10.0230087986985	13.1218422026037	12.0388988295916	11.3015515881899	10.7161363943919	12.4319996064247	12.3436898233043	12.2143212619959	9.61455519921869	11.9853148722632	6.37062801052907
FBgn0052484	31.9215844173476	31.2631604566786	35.7826668884619	35.6604563010185	34.9157335484247	34.4922848684679	31.2819061287881	33.1748486504499	28.8848201429422	24.0138376878785	31.5796574010341	28.3839902286315	31.627906822812	34.0297952148484	31.9939447749547	32.2660671733227	26.0729481192308	32.1041550861867	33.3533370895273	28.6052467916792	27.8818843257224	27.8534497552647	29.2971153515744	32.390923295459	34.368231891041	30.210201362012	27.9809252150936	15.8835252424677
FBgn0053527	10.9684334746818	9.38893636718143	10.7674286381694	8.59508433921983	11.783381306389	9.72549538322825	12.0008767148623	9.2865138027042	9.83194839480916	9.68021925934817	10.7277953818219	10.2578691586019	13.3982786383251	12.2124807859162	11.4723264108029	9.25460841405381	11.1155790606544	10.1756434504554	11.1654948196701	8.12882912425417	12.5061056759594	11.2264286036487	11.179162436785	9.46049220034269	10.0384907537861	9.2241164094027	9.93459559754138	7.48979239075714
FBgn0060296	40.1847988736102	36.8066282053868	36.054571652052	35.0508758514284	39.2598372558492	39.5060495691384	39.415201722273	35.9852409854788	38.0501957652219	42.4455113518204	45.0474524691221	40.1572264220269	38.7006040965747	37.3328149291888	37.7795576631613	41.2080198977126	37.44464651308	34.3936748625391	36.6934423774628	41.4158699052191	40.6359864315167	38.9097809558278	43.3192544425417	36.6256198041838	35.2088936783038	35.0906862347119	36.183802313981	41.1077685814544
FBgn0061492	33.643087429069	28.4664560068799	26.8641906427054	35.8433304358955	33.3952972508261	33.7674032249975	32.5331823739396	43.7443676495803	40.1610095448984	41.2199247393609	24.7993191943415	25.1784061165684	21.9652077304884	30.3790892147881	25.7632847415014	31.0779755525996	37.1885271798851	35.8691431628551	47.9066529869605	37.5572484854782	32.1332516943205	28.2786932629787	25.779534067586	33.6973722183635	46.4836517663	38.5558304943288	31.5355052912781	44.8096199929781
FBgn0086370	78.4513515341594	77.2589604256897	72.9248575948745	68.0291781742506	71.4062046907908	59.0174471392174	72.3465174469426	68.4880392949435	73.9895777507672	62.2751197455989	80.5281263726369	70.3480004229121	79.6923636480303	74.9698553583825	68.7845087820123	71.9108086227154	58.4464318350537	60.7485913992185	63.652863630085	75.3202901133425	67.7030253449244	67.9113881819202	69.4360908250307	63.790747408025	59.9836910558744	58.2241845313091	62.2507228726675	56.4317116338081
FBgn0086676	203.973513988814	220.739886930542	283.759811282666	190.676764631771	173.709847000639	211.665439893365	205.664313748541	286.232349774139	275.738936903009	239.439409513867	216.088449833841	249.627577308478	248.341328218174	175.711956645763	215.501717664996	227.863466627109	246.028231466926	252.050688267779	321.127265540084	196.635347549997	263.584776853081	285.210820623756	179.348459438421	238.494503374353	315.050367450104	309.715570021532	327.750511639989	253.23246341853
FBgn0260753	94.9285946463496	91.3423649764619	88.8584767412564	86.0118014371573	79.1169887714693	92.7244435605924	81.731089285579	80.829327374853	77.8779189238556	77.0587582583917	84.1504988392261	93.5447727247506	91.5466027406748	82.5320320727933	79.1689421711011	88.2939667611079	94.4055862156038	90.3088356227913	76.1066847751017	73.3138069750772	99.0214316269303	102.993977568322	87.3612995598756	98.5242687721403	90.395867477443	82.1385604075383	84.7630633551695	70.9808485767732
FBgn0262636	78.648094735499	78.5574303488106	77.8191433394969	78.5749199521586	79.3884952531834	84.0258638389472	74.3940603935542	64.211355306856	70.2678797708112	75.1342042810139	79.7850756102596	76.0014851296416	81.3360186482709	81.2282085013432	85.6468506185803	82.9788200368203	83.0851116883935	74.3839536228287	69.6173373585413	73.4167035462703	85.1336315561766	81.944423936481	84.80743917561	80.9097332943594	74.5221949061852	73.5001021828596	79.7501940169606	76.0170882877995
FBgn0264975	248.781778093905	233.275115803747	216.055525148722	221.277703201191	236.862254647323	242.352096133613	226.025990828734	208.824369589756	197.527731592889	234.584937541078	256.863360419293	231.151756153496	231.406700942968	216.478173646437	229.495977898863	236.055045696305	246.233126933482	226.15367568637	210.76064366873	237.176596600074	242.646792562735	239.709765298362	246.519806149103	216.600221424989	216.00062863319	212.447506508624	201.107203541055	256.159508720665
FBgn0265487	309.624613108171	298.498258865124	315.844573386302	269.129768494011	292.1409743243	320.216466003062	299.851289292674	260.755532302247	239.244077607023	307.507340982419	298.474203112421	308.668608317931	319.865224592282	286.623881790454	290.813584577293	304.901828560313	331.264745554156	309.543073762852	235.668285958763	348.459238345402	361.755935006292	363.88086955084	369.876081313627	336.7935223322	303.775609362107	304.591060905197	236.607432763462	374.446574754002
FBgn0265577	0.688601204688546	0.0499411508892629	0.435047621744217	0.609580449590059	0.0543012963428067	0.664474839847893	0.113752385922866	0.733145826529279	0.333286386264717	0.411720502623117	0.557288071782954	0.874250212380846	0.398461818240152	0.391147071435039	0.346147779636295	0.437717965529572	0.0512238666389603	0.356147520765938	0.3817263186212	0.0514482855965454	0.637705105289712	0.637865261570947	0.337302314902994	1.48664877433957	0.445056240315638	2.14741334398793	0.364572315506106	0.387403054694335
FBgn0267796	8.06647125492297	7.79081953872501	7.66771433324183	6.40059472069562	8.0908931550782	7.30922323832682	7.05264792721767	7.82022214964564	9.1098278912356	7.44926862885546	8.17355838615	6.41116822412621	7.91942863752301	7.12756885726072	7.5658014691933	9.25460841405381	7.734803862483	8.5475404983825	8.63655795880464	9.77517426334363	5.88105819322735	7.35671268345159	7.42065092786588	8.33424312887332	7.81320955220787	8.73606792213272	9.98016713697964	8.43677763556552
